-8.16478 1.26823
-7.9866 1.45223
-6.89303 -2.4837
-7.09906 -2.37021
-6.98707 -1.66089
-6.72864 0.026745
-7.14754 0.307725
-7.30779 0.163227
-7.47998 -0.0422983
-6.96024 1.87521
-7.06236 2.43184
-6.76147 2.13998
-7.0599 2.38008
-6.60663 1.85036
-5.54975 -2.57987
-5.714 -3.19254
-6.22377 -2.94356
-6.37392 -1.00456
-6.26774 -0.915511
-5.70653 -1.3359
-5.97844 -1.32379
-6.3651 1.02021
-6.03858 1.31968
-6.34219 1.49999
-5.5022 0.554058
-5.57693 1.09389
-5.94751 1.07943
-5.96919 1.25729
-5.7522 1.33324
-5.66999 3.38895
-5.87052 2.72914
-6.26857 2.57416
-5.95389 3.21927
-4.65232 -4.06549
-4.82452 -4.01705
-4.87818 -4.45914
-5.31538 -3.89089
-4.75956 -4.29779
-4.96756 -4.41236
-5.38872 -4.1384
-4.72423 -4.21162
-4.67261 -4.16852
-4.81421 -4.11617
-4.70634 -1.95196
-5.22609 -1.63542
-5.31958 -1.81582
-5.27803 -2.00147
-5.17519 -1.5681
-5.10567 -1.84117
-5.42745 -2.39215
-5.16861 -2.40885
-4.84125 -1.73822
-4.94244 -0.0738006
-5.17399 0.22936
-4.60244 -0.363925
-5.38533 0.365535
-5.02611 0.365181
-4.84288 0.309095
-5.04228 0.280868
-4.91036 0.0786348
-5.19571 0.388723
-4.67019 -0.42991
-5.01827 -0.274509
-4.62172 -0.155749
-5.24253 0.278257
-5.27899 -0.301979
-5.09881 1.81566
-4.9446 1.51458
-4.76259 1.76044
-4.85411 1.506
-4.78113 2.3019
-5.43644 2.18572
-5.49429 1.80524
-5.15865 2.16734
-4.61499 1.68626
-5.10548 4.20607
-4.57342 4.05144
-4.62569 4.08916
-4.89562 3.97056
-3.92098 -5.46704
-4.01019 -4.98965
-4.08692 -5.25297
-4.42574 -4.85923
-3.86976 -4.57649
-3.96326 -5.28086
-4.04196 -4.71978
-3.73839 -4.5365
-4.02204 -5.13989
-3.89346 -4.63457
-3.85348 -2.90731
-3.93913 -2.93638
-4.49093 -2.57631
-4.05202 -3.01228
-4.20711 -2.6178
-3.55336 -3.37767
-4.21772 -3.33283
-4.37333 -3.27245
-4.38001 -3.03815
-3.88577 -3.42944
-4.25593 -2.58761
-4.06816 -2.6861
-3.97645 -3.29905
-3.61066 -2.85329
-3.74752 -3.20207
-4.39855 -3.34272
-3.61045 -2.5545
-3.91299 -3.33116
-4.23583 -0.866415
-4.29429 -0.977371
-3.79681 -1.16711
-3.81643 -1.48382
-3.83204 -0.97317
-4.42676 -0.985618
-4.14006 -1.45608
-3.79174 -0.679854
-4.30902 -1.01635
-4.25514 -0.788645
-4.02405 -0.742718
-3.71236 -0.553565
-3.69026 -1.40496
-3.56229 -0.739138
-3.80754 -1.04349
-3.89951 0.629976
-3.84012 0.614459
-3.83167 1.02888
-4.46174 1.01494
-4.19175 0.933758
-4.03805 0.584185
-4.45282 1.02707
-4.112 1.09619
-3.71076 0.874201
-3.74405 1.09971
-3.72259 1.34428
-4.39442 1.38843
-4.30028 2.78774
-3.99309 3.27846
-3.93899 3.14452
-3.90959 3.11758
-4.42325 3.38001
-4.05696 2.87871
-3.63056 3.1076
-4.10576 2.77219
-4.27558 2.74607
-3.75056 2.98016
-4.20683 2.68458
-3.69138 3.15049
-3.54028 3.27506
-3.5058 3.03611
-3.66201 2.65471
-3.96749 2.95724
-4.23132 4.69163
-3.84691 4.71915
-4.44953 4.59432
-4.31986 4.85925
-4.07345 4.60339
-3.63091 4.65932
-4.47949 4.55307
-4.08086 4.6838
-4.03851 4.90898
-3.69677 5.17256
-3.56915 5.41685
-3.5786 5.42868
-4.31175 4.78719
-3.77818 4.85051
-2.50396 -6.13627
-2.69898 -6.20894
-2.8019 -5.61049
-2.8608 -6.35177
-2.95228 -6.3448
-3.04732 -5.63922
-3.31231 -6.25283
-2.88451 -5.98261
-2.84993 -5.88053
-2.82468 -5.77602
-3.17482 -6.16598
-3.47542 -6.36189
-3.48684 -6.35505
-3.27536 -5.95826
-3.08283 -5.76053
-3.28526 -6.222
-2.91346 -5.62407
-2.86334 -5.75982
-2.54911 -6.17625
-2.7947 -4.26743
-3.33276 -3.7241
-3.25204 -4.30644
-2.82184 -3.56035
-2.85436 -4.34586
-3.1184 -3.63268
-3.49995 -4.34507
-3.46496 -3.85245
-3.06526 -4.18596
-2.51405 -4.25352
-2.915 -4.43954
-2.73088 -4.35553
-3.46448 -4.34245
-3.12013 -3.56104
-2.57468 -3.93192
-3.38779 -4.1759
-2.94136 -1.69987
-2.79643 -2.27932
-2.53079 -2.20363
-3.13909 -1.76021
-2.7631 -2.49779
-3.36645 -1.572
-2.75106 -2.05477
-3.46569 -1.72534
-3.07039 -2.47929
-2.78249 -2.10008
-3.07523 -1.98706
-2.55692 -2.4134
-2.57371 0.474499
-3.28688 0.292566
-3.46993 -0.0675484
-3.37603 -0.453635
-3.02054 -0.109711
-3.01454 -0.283543
-3.45226 0.321842
-3.17069 0.499241
-2.9213 -0.00616867
-3.35678 -0.380416
-2.53691 -0.235447
-2.95239 0.446811
-2.70701 -0.0533554
-3.4843 0.109179
-3.11957 0.24113
-2.52931 0.178878
-3.01155 0.272706
-2.655 0.125596
-3.21686 0.409529
-3.39066 2.19774
-3.48825 2.08005
-2.85881 1.54685
-2.66495 1.96272
-3.01626 1.5808
-3.23076 1.82198
-2.98861 2.24406
-3.11824 2.17835
-3.35012 2.30632
-3.40963 1.7148
-2.59661 1.66013
-2.63708 2.45207
-3.06206 2.3806
-2.63785 1.75658
-2.58052 2.19934
-2.66778 2.15042
-3.38187 2.34795
-3.34141 1.66469
-3.18181 1.81665
-2.90404 3.66588
-3.05288 4.24262
-2.51802 3.54499
-3.07169 4.40454
-3.15271 3.96077
-2.88406 3.53501
-2.56935 3.59249
-3.3558 3.58961
-3.2827 3.77147
-3.16027 4.0513
-2.53736 4.38454
-3.20881 4.07308
-2.94608 3.90354
-3.21492 4.02997
-2.86295 5.99577
-3.03829 5.80493
-3.24492 6.07655
-3.3669 6.36385
-2.85449 6.41899
-3.24206 5.94902
-2.81142 5.69609
-3.45564 5.85182
-3.48248 5.70419
-2.75621 6.02675
-3.43566 5.99541
-2.93218 6.43087
-3.38273 5.66135
-3.39139 5.95616
-2.70153 6.17202
-2.40508 -6.50186
-2.07411 -6.52895
-2.48107 -7.43824
-2.23165 -7.33743
-1.87831 -6.53575
-2.05416 -6.84749
-1.71737 -6.99223
-2.45053 -7.25593
-2.20601 -7.47465
-2.38957 -6.54198
-2.09872 -6.6591
-2.29395 -6.53412
-1.57952 -7.25906
-2.25257 -6.98036
-2.31911 -7.07358
-2.44813 -6.6229
-1.71227 -6.75031
-1.6167 -6.82673
-2.40593 -7.45147
-1.8152 -7.41743
-2.46782 -7.05014
-2.48101 -4.8739
-1.75585 -4.78391
-2.38541 -4.90511
-1.89261 -5.49388
-2.20231 -5.38078
-1.71659 -5.18312
-1.75692 -4.72959
-2.19973 -5.39732
-2.29721 -4.86566
-1.69929 -5.37026
-2.4715 -5.39757
-2.00185 -4.65959
-1.59465 -5.43006
-1.90122 -4.91913
-1.94153 -4.97394
-1.78577 -4.70032
-1.58974 -4.81049
-2.3106 -4.8294
-1.86627 -5.35992
-2.34374 -5.33887
-2.22213 -5.09233
-1.68484 -4.84346
-1.70659 -5.33538
-1.87053 -4.93596
-2.26351 -2.74997
-1.88514 -2.9327
-1.63153 -2.78117
-1.93806 -2.80792
-2.28497 -3.33089
-1.53069 -2.8004
-2.18245 -3.39849
-2.27778 -2.74703
-1.90948 -3.15404
-1.95464 -3.28691
-2.19002 -2.71959
-1.58228 -3.06689
-2.4552 -2.87181
-2.07025 -3.25073
-1.73494 -3.1491
-1.65297 -3.21153
-2.12559 -3.02268
-1.95775 -2.5991
-2.39895 -3.10574
-2.07464 -3.26363
-2.06233 -1.07622
-1.84061 -1.36117
-2.38679 -0.560879
-2.21981 -0.812234
-2.34139 -0.800216
-2.02363 -1.26393
-1.9838 -1.29915
-2.20215 -0.82425
-2.26347 -0.834178
-1.55439 -1.10821
-2.182 -1.20238
-2.03797 -1.2516
-1.52307 -0.595029
-1.54673 -0.593836
-1.86601 -1.17914
-2.11699 -1.14705
-2.42618 -1.0452
-2.19444 -0.915478
-1.81569 -1.24605
-2.42549 -1.44354
-2.15029 -0.988071
-1.75527 1.0382
-2.06677 0.982107
-2.1884 1.35933
-1.5047 1.40366
-1.52025 1.43783
-2.33634 0.929714
-2.21745 0.575401
-2.10438 1.3477
-2.45455 1.21232
-1.63301 0.790799
-2.40466 1.319
-1.61325 0.781401
-2.28436 1.49277
-2.35259 1.16053
-2.33039 1.26297
-1.9401 1.383
-2.22566 0.633637
-1.55654 0.98283
-2.47124 0.982426
-2.27566 0.902864
-2.47272 0.86718
-1.53748 3.11128
-2.38595 3.3129
-1.60138 2.76092
-1.87799 2.65624
-2.41187 2.88166
-1.80908 3.05762
-1.64622 3.02327
-2.33407 3.35928
-2.02083 2.52217
-2.41222 2.86469
-2.15654 3.2983
-2.44647 2.9436
-1.63202 2.58662
-1.82071 2.56359
-2.16157 2.67138
-1.68335 2.78171
-1.99157 2.64808
-1.77344 2.5598
-1.70524 2.73505
-1.53093 2.78432
-2.10605 3.36713
-1.57819 3.49175
-2.022 2.96111
-2.35777 2.73295
-2.02749 2.77619
-1.5564 3.02259
-2.115 2.96539
-2.46415 3.42659
-2.16808 2.87556
-2.19004 3.15379
-1.66868 5.04924
-2.04966 5.03955
-1.61848 4.59376
-2.23144 4.63854
-1.53789 5.06171
-2.27846 5.07493
-2.27462 4.51505
-2.01917 5.43945
-2.13021 5.09033
-2.16429 4.73545
-1.5256 4.54341
-2.00382 5.26022
-2.41642 4.53096
-2.32157 4.60752
-2.27313 5.46773
-1.80501 5.23196
-2.29962 5.07326
-1.60056 4.72125
-2.00004 5.24468
-2.4132 4.96182
-2.04994 5.44172
-1.70266 5.40007
-1.72185 5.49355
-1.51962 4.70767
-1.97755 5.31944
-1.51241 5.07801
-1.60031 5.22566
-2.48612 7.12221
-2.21412 6.55121
-1.79756 6.84235
-2.02068 6.90796
-1.92279 7.14339
-1.91066 6.55467
-1.52894 7.05069
-1.59778 6.77761
-1.96597 7.08042
-2.44639 7.16309
-1.91048 7.27436
-2.25558 7.08036
-1.7487 6.97794
-1.89778 7.43154
-1.82923 7.20535
-2.35638 7.08629
-1.8401 7.16339
-2.21668 6.55097
-1.93645 7.11696
-1.6942 7.40545
-2.36078 6.50386
-1.87116 7.08523
-1.91587 7.43072
-2.48159 6.60205
-1.68335 7.41268
-1.18428 -7.65669
-0.743154 -7.68799
-0.847232 -7.9221
-1.19771 -7.78205
-0.900881 -7.60928
-0.977925 -8.09514
-1.36019 -8.25435
-0.99147 -7.59342
-0.612252 -7.5759
-1.47433 -8.44402
-0.640314 -8.32906
-0.734113 -8.36835
-1.36429 -7.9991
-1.41571 -7.55179
-0.914154 -8.41274
-0.882613 -8.05497
-0.693562 -8.2125
-0.969048 -8.14056
-1.1397 -7.78878
-1.36916 -7.79424
-0.807458 -8.22787
-0.525963 -7.93759
-1.47096 -8.45966
-1.0696 -7.8099
-1.35705 -7.99375
-1.26349 -8.3333
-1.04486 -7.52501
-1.05726 -7.86923
-1.45618 -8.42628
-0.884158 -8.36078
-0.979549 -5.77241
-0.978614 -6.36303
-1.33975 -5.81043
-0.782953 -6.22407
-1.23446 -5.56669
-1.09568 -5.91037
-1.03549 -6.0279
-1.27954 -5.5258
-0.797359 -6.19203
-1.05565 -6.00403
-1.05679 -5.88995
-1.41244 -5.5621
-1.36413 -5.87238
-1.08935 -5.74103
-1.11011 -6.20034
-0.553539 -5.63798
-1.40015 -6.36667
-0.911154 -5.60299
-0.523592 -6.08339
-0.537875 -5.95195
-0.776481 -5.96344
-1.41822 -6.2981
-0.52939 -5.75883
-0.639166 -6.46265
-1.1013 -5.83014
-1.07602 -3.87801
-0.665788 -4.26027
-1.40068 -4.10859
-0.804465 -4.03096
-1.17011 -4.43409
-1.00843 -3.93261
-1.07128 -3.68844
-0.962394 -4.03854
-1.22465 -3.63152
-1.2594 -4.42297
-0.905727 -3.9358
-1.18022 -4.44835
-0.521771 -4.1545
-1.23275 -4.17827
-0.54838 -3.79524
-1.18886 -3.58897
-0.750578 -4.0949
-1.21513 -4.23763
-0.836951 -4.45757
-0.602864 -3.6479
-0.603507 -4.41621
-1.23198 -4.23152
-0.580587 -3.75516
-1.11672 -3.72395
-0.501475 -3.52277
-0.791579 -3.80143
-1.24311 -4.21835
-1.47708 -3.6397
-1.33122 -4.29458
-1.40974 -2.25188
-0.538404 -2.43334
-0.827822 -1.52496
-1.21661 -1.50034
-0.585478 -2.38456
-1.39066 -1.70988
-1.24267 -1.86935
-0.734355 -2.387
-1.14002 -2.11428
-0.646145 -2.14523
-0.662583 -2.45963
-1.40252 -2.39117
-0.626783 -1.74235
-1.01643 -1.98478
-0.533427 -2.20996
-0.911195 -2.38498
-0.820357 -1.9398
-1.18197 -1.84795
-0.515614 -1.98297
-0.933097 -1.74845
-0.537658 -2.28321
-0.975181 -2.16279
-0.726397 -2.33852
-1.00405 -2.07957
-1.33282 -2.11116
-1.42625 -1.98403
-0.939977 -2.25101
-1.33524 -2.30107
-0.946257 -1.72291
-1.48821 -1.89478
-1.29072 -2.46582
-1.04305 -0.0141504
-0.744967 -0.281869
-1.2121 0.466503
-1.21405 0.468185
-0.818375 -0.235475
-0.826041 -0.0838744
-1.43004 0.242097
-1.2807 0.479537
-1.24778 -0.403843
-0.819333 -0.282142
-1.40734 0.326748
-0.601522 -0.309688
-1.23181 0.235031
-1.48562 -0.0741743
-0.983955 -0.247115
-1.09655 0.16906
-1.30284 -0.0444806
-1.36441 -0.0503478
-1.13581 0.308404
-1.18022 -0.472167
-0.604099 -0.360924
-1.30192 -0.369285
-1.02099 -0.191483
-0.528217 -0.135559
-1.0691 2.33426
-1.05177 1.54835
-0.793425 1.51435
-1.31572 1.65629
-0.878528 2.29941
-1.4895 2.18274
-1.00537 1.52564
-0.756867 1.62759
-0.52929 1.68074
-1.24804 1.63886
-1.47021 1.63501
-1.21479 2.30711
-1.31029 2.05967
-1.29278 1.50908
-0.77804 1.74558
-1.16641 1.79157
-0.810232 1.82989
-1.12634 2.43322
-0.653023 1.83103
-1.11723 2.20882
-0.634639 2.14441
-1.42538 2.09681
-1.4035 2.4384
-1.18387 1.94264
-1.13907 1.50096
-1.01391 1.8842
-0.928672 1.95843
-0.614277 2.43007
-1.15097 3.91979
-1.26621 3.98157
-0.763618 4.07426
-1.183 4.47275
-0.928567 3.57632
-0.640198 4.41447
-1.17946 3.99835
-0.528773 4.2826
-1.01041 4.39581
-0.554346 3.61579
-1.20525 4.27061
-0.764477 4.09324
-1.33924 4.11756
-0.532522 3.77991
-1.27035 3.77634
-1.34372 3.94947
-1.22492 4.26703
-0.941045 4.15348
-1.40874 3.66306
-0.608715 4.05524
-1.40174 3.75161
-0.776775 4.20396
-1.18144 3.58173
-0.711852 3.78291
-1.12381 4.05437
-1.18425 4.33803
-0.749228 4.46175
-1.41883 3.9424
-0.530411 3.9855
-0.766662 4.20038
-1.46949 6.41834
-0.884737 6.1718
-1.03521 5.50041
-1.39814 6.03306
-1.31049 5.85833
-1.4495 6.49045
-0.643314 6.03429
-0.533598 6.17631
-0.806993 6.49577
-1.04436 5.98976
-0.712877 6.33833
-1.12065 6.48341
-1.21304 6.05949
-0.772791 6.21643
-1.46845 5.89235
-1.22607 6.21864
-1.36051 5.72005
-0.56854 5.68106
-0.558926 5.53903
-1.127 5.58292
-0.806983 6.22615
-0.507157 5.95991
-0.652861 6.01199
-1.11198 5.53505
-1.06251 5.62778
-1.40811 6.39161
-1.24683 6.34601
-1.02397 5.68605
-1.39966 5.80325
-1.0173 8.22556
-1.10736 8.03365
-0.542972 7.74597
-1.29066 8.39539
-0.573175 8.41084
-0.970443 7.6529
-0.521889 8.10796
-1.44941 8.44797
-1.02275 7.72145
-1.00012 8.27315
-0.93284 7.69544
-1.20922 7.95871
-1.25223 7.80437
-0.995881 8.05828
-1.18285 8.44153
-0.63188 7.98128
-0.699526 7.77816
-1.35779 8.3944
-0.520683 8.30741
-0.883725 8.30076
-0.585535 7.99286
-1.4205 8.20314
-0.855563 7.6758
-1.29518 7.77629
-1.18908 7.56743
-0.965178 7.54469
-1.34431 7.57077
0.0851146 -9.26435
-0.493237 -8.98361
0.399599 -8.79243
-0.295505 -8.90957
0.120851 -9.27394
0.024456 -9.11594
0.387117 -8.86515
-0.143058 -9.2668
0.294331 -9.06756
0.148926 -9.24672
0.0611884 -9.19907
0.0638746 -8.7239
-0.164316 -9.49912
-0.259747 -8.884
-0.406862 -9.24479
-0.145253 -8.91396
-0.440098 -8.75709
-0.328434 -8.96357
0.272868 -8.52217
0.314815 -8.65903
-0.196161 -9.06936
-0.111892 -8.8426
-0.123709 -8.67665
-0.24458 -8.83461
0.0213663 -8.65415
0.167672 -8.56886
0.215045 -8.5321
0.0193502 -8.90746
-0.148022 -8.83998
0.13676 -9.48941
0.312218 -8.93097
0.14676 -8.52323
-0.331171 -9.09653
0.205687 -8.53516
0.0583632 -9.46799
-0.0420409 -6.99915
0.123144 -7.36712
-0.167686 -7.39412
-0.0048692 -6.68126
0.315214 -6.58261
0.442319 -7.32935
-0.226362 -6.74451
-0.326701 -6.94718
-0.0412283 -6.50555
-0.0870159 -7.44237
0.00103508 -6.72839
0.0946844 -6.67641
-0.0235785 -6.68631
-0.00495442 -6.50943
0.30782 -7.09211
-0.276335 -7.29986
-0.293487 -7.06475
0.0952435 -7.20698
-0.105924 -7.06157
0.430894 -6.65878
-0.263667 -7.42975
0.476479 -7.45602
-0.181472 -7.2328
0.367818 -7.16541
0.233636 -6.51926
0.238156 -7.21363
-0.0224664 -6.52474
-0.492986 -6.61127
0.429469 -7.14943
0.431261 -7.42678
-0.251818 -6.64867
-0.332468 -4.82765
0.0686183 -5.34406
0.166369 -4.78329
0.233973 -4.87688
-0.0386302 -5.19838
0.339191 -5.43487
-0.112683 -4.56469
-0.360361 -5.04459
-0.197145 -4.67705
-0.256615 -5.40124
0.124592 -4.73647
0.123344 -4.63567
-0.00715724 -4.85009
-0.314918 -4.69186
0.257085 -4.69022
0.027653 -5.43438
0.317535 -5.4183
-0.255036 -5.4739
-0.186412 -5.40659
0.386992 -5.28721
-0.0979707 -5.09221
0.237075 -4.6219
0.312529 -4.72723
0.253552 -5.38958
0.259351 -4.81525
-0.186104 -4.81307
-0.0626587 -5.46937
0.0283163 -4.57263
-0.0487923 -4.59065
0.329059 -5.18782
0.0349659 -4.70375
-0.0741169 -4.94219
0.238345 -4.80576
-0.294555 -5.09012
0.432321 -4.70521
-0.400546 -4.87893
-0.422335 -5.21378
0.452354 -5.24607
0.109239 -3.02628
-0.292403 -3.38812
0.0981953 -3.01298
-0.355588 -3.33511
-0.245433 -3.41736
0.3893 -2.82174
0.157366 -3.02336
0.0953701 -3.492
0.195717 -3.24392
0.347334 -3.4807
-0.443608 -3.1432
0.0658479 -2.60245
0.490256 -3.13992
0.105035 -3.22022
0.127992 -2.94959
-0.466741 -2.95155
-0.249189 -2.87599
-0.497776 -3.43271
-0.189173 -2.71427
-0.327355 -2.92816
-0.274254 -3.13222
-0.461619 -2.62348
0.23195 -3.31864
-0.455419 -3.13768
0.391999 -3.15789
-0.43197 -2.73709
0.0850741 -2.50627
-0.182396 -2.97886
-0.0296011 -2.72625
-0.404822 -3.32605
-0.356905 -2.68399
-0.00539375 -3.19191
0.266665 -3.00768
0.21893 -2.88681
0.431183 -0.652668
0.370954 -1.01961
0.327517 -1.45741
-0.0386751 -0.884775
0.170891 -1.03871
-0.433591 -1.12009
-0.448152 -0.516586
0.215902 -0.821641
0.14129 -0.877609
0.469675 -1.36426
0.099531 -1.29285
0.321938 -1.26883
-0.48218 -0.505986
0.0333391 -0.868007
-0.394934 -0.900653
-0.131653 -1.31152
-0.125236 -1.03846
-0.463477 -1.48057
-0.166467 -0.792944
0.130491 -1.38653
-0.297617 -0.502522
-0.457424 -1.43953
-0.0327001 -0.885218
-0.420877 -1.13208
0.273296 -1.40262
-0.378294 -0.964994
0.011673 -0.953115
0.0994257 -1.40085
-0.0961477 -1.0105
-0.467952 -0.759267
-0.275714 -1.00172
-0.479619 -1.22943
0.0246779 -1.146
0.449265 -0.868577
-0.36375 -0.793936
-0.246437 -0.73706
-0.134862 -1.41172
0.472397 -0.522159
0.389479 -0.903267
-0.0100286 -0.783876
0.442697 0.800093
-0.480138 0.746216
-0.164913 1.47538
-0.443142 0.966084
-0.0183866 0.6985
0.320287 1.409
-0.0485406 1.08941
0.353813 0.664367
0.02468 0.848515
-0.176745 0.950784
-0.428572 0.818298
0.498962 0.803589
0.0694715 0.526502
0.453481 0.665321
-0.168063 0.692042
0.251878 1.40129
0.419059 0.785589
0.231694 1.24443
0.336184 1.11931
-0.103818 1.20868
-0.0981705 0.558279
-0.150252 1.04248
0.105683 1.26662
-0.261744 1.1182
-0.480413 0.673124
0.0473639 1.22113
0.3244 0.648449
0.423659 1.33582
0.250297 1.32009
-0.457857 1.45847
0.0365965 1.3497
-0.274224 1.11906
0.497398 1.41626
-0.204772 1.2442
0.495838 0.641259
-0.450556 1.16754
0.469022 1.28385
-0.202864 0.855587
-0.451441 1.19359
0.441801 0.587931
-0.281497 0.950487
0.469017 1.11762
-0.339603 1.01311
0.41427 0.841256
-0.131809 3.3609
0.246321 3.25632
0.351692 2.74094
0.0224628 2.60923
0.439045 2.78945
0.403584 3.31376
-0.496004 3.03771
0.0265238 3.12531
-0.327971 3.49393
0.165193 2.95984
-0.207846 2.99197
-0.209487 3.2678
-0.067901 2.72838
0.189829 2.76762
0.463299 2.56289
-0.0557935 3.17161
0.185672 2.68847
-0.218313 3.48334
-0.245618 2.85546
-0.493348 2.63736
-0.0929126 2.90262
0.0317346 2.76771
-0.493862 3.10649
-0.0837407 3.08558
-0.333386 3.1781
0.187398 3.10837
0.0510875 2.74232
-0.322815 2.88299
-0.240073 2.57729
0.0285489 3.14908
-0.318141 2.65246
-0.306729 3.35869
-0.269516 3.40272
0.426397 2.58734
0.283586 2.78551
-0.158306 3.34611
-0.165575 2.84089
-0.240163 2.67148
-0.19854 2.56711
-0.499478 2.8609
0.0977934 5.34202
0.0305067 5.37322
-0.127576 5.1042
0.304533 5.0775
-0.333742 5.22045
-0.0750914 5.00543
-0.437927 4.77274
-0.0226878 4.71974
0.189024 5.26885
-0.398109 4.58696
-0.0124302 4.5826
-0.196171 4.97943
0.346796 4.76452
-0.479007 5.13596
-0.363893 5.29987
0.192326 5.22025
-0.442406 5.44217
-0.43512 5.1819
-0.410105 4.83491
-0.3342 4.58494
-0.398525 5.08443
-0.144715 5.44963
-0.213911 5.21426
-0.109085 5.08364
0.0132219 4.69456
-0.190013 4.64053
-0.125009 5.47897
-0.275146 5.43786
0.476515 4.74011
-0.377948 5.47835
0.33629 5.29132
0.227456 6.80877
0.397932 6.91405
0.472215 7.18421
0.233551 6.83334
-0.27639 6.80683
0.187172 7.40139
0.467871 6.76837
-0.0987275 7.30003
0.298116 6.87098
0.350663 7.21015
-0.0647915 6.94649
0.47389 7.3261
0.260714 6.53838
-0.449553 7.42586
0.0201862 6.93271
-0.295481 6.80841
0.135088 7.09279
0.141597 6.5014
-0.0585035 7.10912
0.0899394 6.88463
-0.332722 7.24109
0.114801 7.11136
-0.160377 7.48258
0.173976 6.94594
0.423055 6.85053
-0.486481 7.12819
0.101144 7.03261
-0.193379 7.25792
-0.173229 6.62019
-0.072091 7.2242
0.343408 6.93122
0.169004 6.78295
0.292164 7.43804
-0.091868 7.00445
-0.0865785 6.66652
-0.327365 7.47473
-0.0766251 6.54528
-0.367478 7.19982
-0.144652 6.75069
0.365539 6.58471
-0.452826 7.02949
0.333873 7.33134
0.443298 7.45679
0.125652 8.95154
-0.258411 8.56749
-0.374472 8.5159
-0.331654 8.96108
-0.31669 8.73179
-0.290441 8.61009
-0.116869 8.53721
0.461194 8.70359
0.465357 9.29857
-0.0349133 9.04549
-0.019753 8.75849
0.472249 9.11506
0.272083 9.46999
0.45764 9.1178
-0.354533 8.89763
0.414952 9.40922
-0.118973 9.19365
-0.084801 9.37677
0.419933 9.06745
0.025848 8.76923
-0.160612 9.38109
-0.070877 8.53195
-0.485849 8.62844
0.222438 9.06191
0.0908285 8.77114
0.363332 9.22192
0.181264 9.37699
-0.07434 9.12192
-0.478584 8.61611
-0.00757118 8.54048
-0.297761 9.4074
0.015151 9.28025
0.0537751 9.0762
0.42606 8.60883
0.331795 8.7592
-0.196544 9.00358
-0.48323 8.68171
-0.41099 8.63095
1.17217 -7.88418
1.47354 -8.19513
0.512359 -8.48889
0.806862 -7.60906
1.46399 -8.18781
0.982106 -7.91676
0.895302 -8.21758
1.35627 -7.85989
0.859733 -7.97338
1.30441 -8.34296
0.907122 -8.2497
1.0894 -8.28624
1.23883 -7.50262
0.620669 -7.75821
1.32385 -8.12927
0.925072 -7.94763
0.774667 -7.6103
0.994122 -8.11388
1.25164 -7.96013
0.947069 -8.4056
1.00041 -8.01365
1.46151 -7.90528
0.975556 -7.79633
0.754512 -8.14708
1.44116 -8.06848
0.986784 -8.4034
1.10713 -7.98886
0.834333 -7.97601
0.689566 -7.83202
0.822166 -7.93477
1.22868 -7.81498
0.526783 -5.68591
0.65841 -5.87033
1.00936 -6.47743
0.9354 -6.359
1.08702 -5.6643
1.34601 -5.89172
0.763682 -6.20548
0.691415 -5.71379
1.05408 -6.39831
0.641721 -6.24054
0.544085 -5.51108
0.530524 -5.66194
0.776289 -5.72225
1.31067 -5.95142
1.33918 -5.5571
0.584137 -5.81837
0.630839 -6.4034
1.02424 -6.34475
1.18866 -6.43268
0.722049 -5.93888
1.47633 -6.009
0.809056 -6.01299
0.605772 -5.5588
1.22646 -5.93307
1.39809 -6.35787
1.27789 -5.57468
0.61133 -5.66967
0.986525 -6.22931
0.792167 -5.87151
0.866727 -5.77566
1.10128 -3.7641
1.13686 -4.1992
0.648711 -3.8866
0.629693 -4.45496
0.620767 -4.07746
1.19995 -4.43358
0.548741 -3.74526
1.3547 -3.87369
1.16806 -3.91129
0.503989 -4.04359
0.606354 -3.72237
1.0552 -4.19077
1.35524 -3.50683
0.848002 -4.19469
1.28684 -3.84246
0.834409 -4.06832
1.08115 -4.22065
1.0985 -4.24817
0.745996 -4.2142
0.656077 -3.75413
1.06159 -3.66746
0.617833 -1.90873
1.28376 -2.26448
0.63856 -1.52167
0.640915 -2.09976
1.2911 -2.21091
0.875131 -1.6776
0.987131 -1.98674
1.01994 -2.41055
0.531269 -2.10055
1.44388 -2.40198
0.849539 -2.30389
1.01213 -1.53604
0.70375 -2.3883
1.18959 -2.32382
1.44075 -1.61858
1.19067 -1.98944
1.41221 -2.04535
0.800826 -1.93913
0.781311 -2.48536
1.00714 -1.67578
0.766706 -2.00997
1.30913 -2.24395
0.827726 -1.56407
0.669372 -1.63559
0.595285 -1.80385
0.704659 -1.97336
0.658507 -1.5272
0.905538 -1.86138
1.03428 -1.54555
1.1703 -2.40808
0.65627 -2.07567
1.24632 -1.5842
0.78632 -1.61204
1.4997 -0.334415
0.828912 0.328221
0.850263 0.0991669
0.981518 0.178672
1.36508 -0.00107819
0.638554 -0.280509
0.958913 -0.470019
0.721467 -0.0726945
0.669045 -0.374327
0.531847 -0.0533922
0.715854 0.00565964
1.04597 -0.13622
1.23335 0.0516483
0.979966 -0.167982
1.48553 0.0024888
1.35219 0.439083
0.563377 0.292012
1.23117 0.433141
1.40653 -0.178813
1.04202 -0.335303
1.27231 -0.127252
1.3674 0.194581
0.583917 -0.295602
0.753827 0.472181
1.20062 0.243694
1.12246 0.154105
1.20438 -0.0150896
0.982066 0.0592754
1.00005 -0.0860338
1.43812 2.21246
1.4201 2.01518
0.829085 1.87256
1.31585 2.39285
0.832921 2.40745
1.05769 2.29145
1.01611 1.74149
0.839741 1.86844
0.529277 1.62308
0.854467 2.03215
0.725731 1.91604
0.848245 1.71613
1.48693 1.87866
1.08173 1.75307
1.12359 1.72483
0.599633 1.50159
1.20269 2.13987
1.25921 2.31782
1.04581 2.32036
1.00519 2.30893
1.20384 2.39174
0.711025 1.77419
1.42112 1.53804
0.606275 2.45862
0.78612 1.75461
1.4483 1.70039
0.838782 2.09405
1.09113 2.49645
1.26793 2.06072
1.07331 1.54617
1.11208 1.87201
1.09853 2.17851
0.814254 2.25177
1.04338 1.96679
1.20938 2.20175
0.626719 2.11312
1.17036 3.85562
1.36231 3.81332
1.45262 3.93758
0.800475 3.72571
0.769765 3.55129
0.804561 4.19453
1.17449 4.25389
0.502758 3.56847
0.500952 4.14722
0.719655 3.56918
0.699635 3.88062
0.751781 4.36193
0.716707 4.40606
0.913222 4.07936
1.02203 4.25896
0.765902 4.09184
0.606964 4.13297
0.522118 4.03557
1.4433 3.52705
1.11414 4.49447
1.43845 3.67843
0.68021 3.9797
1.01315 3.76465
0.792817 4.04997
1.2105 4.3657
1.07677 3.93795
0.951366 4.41409
0.936756 4.407
0.966054 4.20663
1.34763 4.22652
0.758594 4.35713
1.15086 4.10598
0.545883 5.81301
0.543083 5.93232
0.859747 5.8343
0.831047 5.81326
1.00525 5.90897
0.823102 5.89664
0.862508 6.28644
1.08646 5.5999
0.503076 6.26791
1.487 6.44606
0.738204 6.17909
1.37325 5.64414
0.552895 6.4663
1.22503 5.75766
0.576493 6.402
0.905788 5.94015
0.951202 5.73978
1.29089 5.75032
1.30722 5.83354
1.05379 6.09409
1.09939 5.74468
0.618697 6.21225
1.09043 5.55171
0.988263 6.36361
1.45077 6.45078
1.1673 6.48199
0.592942 5.83483
1.28884 6.49252
1.04634 6.14879
1.3721 6.31738
1.10731 6.03669
0.544701 5.91814
1.44563 6.08033
0.603844 6.10839
0.978508 5.7916
1.22839 7.98371
0.533351 7.96369
0.754972 8.47283
0.927441 7.90391
1.11153 8.17341
0.801905 7.93976
0.95506 7.50548
0.60074 7.61166
1.10218 8.36913
1.02658 8.48236
0.676077 8.23789
1.47727 8.19886
1.18303 7.72284
0.557054 7.78843
0.852635 8.43484
0.677345 8.455
1.03158 8.38188
0.809097 8.06181
1.41376 8.27753
1.28606 7.99382
0.845865 8.4435
0.610489 7.80964
1.35283 7.91332
1.18678 8.39668
1.33934 7.64481
1.25531 7.80768
1.46858 7.56045
1.72946 -7.08973
1.70093 -6.82629
1.92929 -7.0981
2.05571 -6.88922
2.48116 -7.49896
2.24618 -6.61366
1.90219 -6.60028
2.34945 -7.04931
2.36458 -6.5701
1.86217 -6.61071
1.70297 -7.11555
2.15405 -6.50779
1.9733 -7.10696
2.42041 -7.01016
1.87106 -7.17882
2.32972 -6.64509
2.02328 -6.55789
1.66454 -6.66543
1.61758 -7.16576
2.33705 -6.81607
1.86938 -7.11623
2.22273 -6.82687
1.55556 -6.73941
1.77727 -6.69572
2.35592 -6.83616
1.5055 -6.74846
1.57616 -7.44682
1.98752 -4.92836
2.35898 -4.93489
2.37751 -5.45788
2.46209 -5.32753
2.02988 -5.10985
1.61882 -5.36733
1.62415 -5.2312
2.48106 -4.74485
1.55359 -5.44338
2.29951 -5.30959
2.00165 -4.54486
1.57001 -5.03241
2.16344 -5.03298
2.23102 -5.00699
1.7529 -4.649
2.42825 -4.74745
1.75439 -5.06037
1.92628 -5.15787
1.67881 -4.52944
1.65078 -4.86765
1.84664 -4.92605
1.56787 -5.17798
1.7542 -5.25322
1.58114 -5.16911
1.57576 -5.01664
1.71524 -5.03254
1.93407 -5.30167
1.6381 -5.1755
1.9741 -5.48829
1.88819 -4.77427
1.82241 -2.94012
2.0567 -3.42919
1.60375 -2.94228
1.70131 -3.19866
2.00079 -2.62004
2.45172 -3.03339
2.3105 -3.05604
2.35076 -3.45906
1.51015 -2.89104
1.97155 -2.6004
1.84266 -2.68172
1.83552 -3.40778
2.07673 -3.2839
1.77078 -3.0414
2.46813 -2.92541
1.80624 -2.7304
2.33108 -2.51493
2.13551 -3.36623
2.43658 -3.45131
2.25035 -3.21874
1.52718 -3.35201
1.60488 -2.55344
1.83855 -3.48344
1.72986 -2.91173
2.40788 -2.90954
2.26936 -2.99494
1.91371 -3.14306
1.76316 -2.74275
2.37685 -0.660938
1.88353 -1.16536
1.9747 -0.957246
2.04095 -1.01031
1.90158 -1.07799
1.66956 -1.23355
2.29213 -0.753645
2.44307 -0.940961
1.50951 -0.894239
1.88859 -1.18188
2.14754 -1.16369
2.34449 -1.30127
2.05849 -1.08066
2.03698 -0.767284
2.48897 -1.11391
1.61274 -1.27181
2.41713 -1.25733
2.12317 -1.22402
2.03768 -0.708007
1.82549 -1.20751
1.63433 -1.26833
2.43959 -1.1557
2.05701 -0.75864
1.66936 -1.44194
2.41436 -0.865417
2.23996 -0.869761
1.86605 -1.30233
2.22504 0.518727
2.47575 0.749836
1.71782 1.44103
1.91244 1.28138
2.27535 0.90344
1.6555 1.2277
1.93263 1.09579
1.81368 0.988954
2.18263 0.941049
2.03246 0.910466
2.12913 0.895541
1.87321 1.38877
1.85515 0.845793
1.8805 0.533283
2.00546 0.880951
2.36501 1.24112
2.39126 1.47966
1.6823 0.554408
1.75585 1.27708
1.50653 0.597046
1.86628 0.778296
2.07248 1.09356
2.47514 0.517591
1.69429 0.557095
2.45389 2.94336
2.19278 2.7867
2.32368 2.85239
2.28048 2.98462
1.60426 3.36403
2.15161 2.79033
1.54283 2.60031
2.00199 3.22281
1.89208 2.84086
2.13944 3.48096
1.85712 2.92009
1.81421 3.30061
2.23043 3.4881
1.81067 3.11732
1.52829 2.78131
1.63569 2.61903
2.41607 2.72225
2.39883 3.41931
2.27202 2.56544
2.48784 2.53035
2.2895 2.73793
1.55721 2.88649
2.03889 2.91739
2.31937 2.51751
1.7409 3.17913
1.63719 2.54384
2.29656 4.66381
1.63232 5.02085
1.95469 4.62765
1.63167 5.23232
1.60139 4.70446
2.49029 5.38557
2.3636 5.31932
2.36593 5.44381
2.02603 5.06424
1.79295 5.21941
2.0735 5.24677
1.86099 5.43482
2.05477 5.43779
1.71183 4.75383
1.66539 5.36013
1.96676 5.26997
2.17255 5.40016
1.72774 4.95893
2.0097 5.0309
1.70195 4.62209
1.7262 6.95501
1.76749 7.18748
2.18056 7.25289
2.3234 6.88366
2.12904 7.19537
1.62407 7.24592
1.79246 7.3484
2.4936 7.37517
2.3397 7.21859
1.63996 6.65652
2.06825 6.97838
2.38739 6.89903
2.04401 6.65734
2.04308 6.95296
1.8817 7.05551
2.36245 6.74094
1.64758 7.3862
1.86418 6.88449
1.52143 6.86181
1.74143 7.13229
1.56437 7.49633
2.37293 6.77107
3.14893 -6.40683
3.26679 -5.60825
2.59132 -5.86883
2.99217 -5.92718
2.74026 -5.94052
3.32817 -5.56226
3.15031 -6.06651
3.35447 -5.69427
3.30128 -6.42842
3.21389 -5.86305
2.86288 -5.73813
3.29915 -5.69272
2.73271 -5.99807
2.62971 -6.15279
2.81426 -5.97785
3.2106 -6.37163
2.95478 -6.15911
3.01408 -5.64119
2.8234 -6.20933
3.15891 -5.80102
3.46277 -6.08713
3.21429 -5.9176
3.14192 -4.41647
3.10454 -3.63852
3.03308 -3.6333
2.985 -4.12185
3.10347 -4.18167
2.87225 -3.86662
3.18604 -3.66547
2.88772 -4.23221
3.26039 -4.10504
2.99378 -4.37035
3.37639 -4.43419
3.095 -3.86053
3.43091 -3.91246
2.95817 -4.06823
3.11274 -3.67577
3.41863 -4.3879
2.97657 -3.50195
2.53937 -3.64518
3.49273 -4.45425
2.97343 -3.71092
3.33276 -1.63834
2.56584 -2.01139
2.84239 -2.34366
2.87062 -1.8776
3.47372 -1.82616
3.37707 -1.78081
2.99637 -2.49851
2.80352 -2.26202
2.66507 -2.09358
3.34153 -1.88953
2.95185 -2.11486
3.08766 -2.22817
2.5543 -2.28016
2.54787 -1.98602
3.00094 -2.10973
2.63842 -1.63047
2.55447 -1.51245
3.07749 -1.54453
3.04689 -2.15009
2.88363 0.301081
2.91861 -0.0467571
2.90948 -0.0509131
3.18408 0.110905
2.83613 -0.108123
3.34045 -0.0361874
2.56695 0.460476
3.45123 0.45777
3.21865 0.466961
2.53799 -0.0264991
3.11158 -0.00820727
2.63313 -0.172957
2.95815 -0.184741
3.42679 0.433478
2.5073 0.475235
2.80515 -0.47423
2.56083 -0.378656
3.42636 -0.0599487
2.80211 0.14259
3.12861 0.453582
3.07977 -0.231361
2.80144 0.373132
3.05323 2.43358
2.79197 2.43208
2.83384 1.79719
2.94329 2.49561
3.40616 2.02158
3.34752 1.89151
3.00861 2.32426
3.02026 2.26401
3.42245 1.6161
2.78955 2.22065
3.25874 1.89791
3.06858 1.62286
2.8436 2.34198
3.10919 2.42551
2.55914 2.37381
2.75049 3.92584
3.13378 4.02975
2.98193 3.90643
2.63769 3.89152
3.02709 3.80835
3.46378 3.88293
3.16823 3.84751
2.53078 3.84467
3.29893 3.61861
2.94788 4.38362
3.45851 4.15166
2.98025 3.6226
3.33222 3.80744
2.79952 4.43845
2.72534 6.00793
3.41309 5.55351
2.85625 6.00747
2.83443 6.21948
3.0632 6.06863
3.45233 6.30097
3.39097 5.75721
2.76209 6.06616
2.52746 6.49251
2.60278 5.73118
2.56171 6.1279
3.11481 5.63937
3.40741 6.25812
3.44933 5.89126
3.17078 6.44309
3.43837 6.37348
4.43009 -5.30747
4.008 -5.4798
3.71181 -5.05189
4.11327 -4.93091
3.74101 -5.13577
4.29691 -4.59604
4.15995 -4.69219
4.10306 -5.39117
4.4803 -5.30487
3.60004 -5.28313
4.48165 -4.8674
4.1052 -3.02015
3.64449 -3.37233
3.82784 -2.6394
3.94233 -3.01861
3.57894 -3.23424
3.57948 -3.02949
3.61556 -3.34125
4.02578 -2.97291
3.66339 -2.63074
4.34142 -2.53768
4.11031 -2.58624
4.37086 -2.93883
4.20094 -3.19644
4.10409 -0.54793
3.70799 -0.88904
3.66029 -0.841081
4.34006 -0.71384
3.64205 -0.643693
4.08039 -0.574203
3.83163 -1.02392
3.87625 -0.789588
3.65359 -0.579278
3.66954 -1.33024
3.87632 -1.0003
4.11144 -1.15915
4.45822 -1.42011
3.94033 0.895066
4.13343 1.0182
3.94169 1.22422
3.76663 0.7433
3.90568 0.564246
4.13405 0.529109
3.72545 0.981547
4.21568 0.539148
3.64897 1.18208
4.00526 0.763942
4.0947 0.680212
3.7754 1.40161
4.10874 1.03354
3.68551 2.78034
3.9703 2.59332
3.51653 3.06161
4.32615 3.03307
3.61091 2.52099
4.33076 2.73058
3.80639 3.15879
3.5344 2.55215
3.84122 3.33502
3.50809 2.538
4.4961 3.29514
4.34765 3.22993
4.03595 3.01781
3.91801 3.15678
4.31686 3.22805
3.80707 2.61088
3.92572 3.24377
3.6345 4.74095
4.01769 4.70038
4.03587 4.60648
3.57465 4.92789
3.9543 5.10144
3.87723 5.10083
4.16403 5.49057
3.85133 5.00626
3.65528 4.7486
3.61898 5.45091
3.75736 4.90919
3.70255 5.15083
4.08463 5.28998
3.70662 5.44027
3.75167 5.49807
3.75006 5.19919
5.34841 -4.17115
5.49999 -4.26987
5.10805 -3.9315
4.73824 -4.47756
4.80542 -3.77947
4.78295 -3.83051
5.18348 -4.03247
4.97349 -1.9669
4.74244 -1.8656
4.97895 -1.59742
4.62181 -1.60057
4.96995 -2.11457
4.60426 -1.54519
4.80189 -2.36517
4.98297 -1.56482
5.18652 -2.00858
4.91989 -1.55667
4.71196 -2.34509
4.85496 -0.129448
4.5359 0.409146
4.52508 -0.0342416
4.65064 0.35921
4.87765 -0.09697
4.87531 2.26594
4.63288 2.17187
5.02133 1.52129
5.37253 2.08947
5.41229 2.29781
5.06613 1.64049
5.25615 2.15343
4.78989 1.83177
5.04963 2.06104
4.69089 1.73851
5.25533 3.63643
4.98993 3.66997
4.68718 4.23726
4.62934 4.28372
4.63461 4.34118
4.64072 3.77191
5.23428 3.78969
4.84897 3.95197
5.22377 3.87313
5.25229 4.04591
4.84309 4.31366
4.52334 4.48914
4.95004 4.47747
5.49466 3.82926
5.80792 -3.04598
5.86132 -3.27766
5.55296 -2.61717
5.54863 -2.63097
6.25627 -3.24482
5.60386 -2.73627
5.78439 -3.29981
5.53026 -0.588289
5.56974 -0.637519
6.08761 -1.45642
6.02836 -1.43761
5.96183 -0.557525
5.5319 -1.00906
5.79674 1.43298
5.53887 1.44536
5.9393 1.19326
6.2395 0.913901
5.74535 1.37842
5.81187 1.3646
6.01823 1.27783
6.37843 2.66277
6.12801 3.29402
6.07627 3.20776
6.01831 2.7324
5.87673 3.2145
5.62273 2.97213
6.67635 -2.02004
7.14833 -1.56849
6.93239 -2.07461
6.55649 -2.40174
6.90367 -2.11913
6.94791 0.0115117
7.40407 0.441342
7.21261 0.228117
7.49387 -0.324434
7.31565 0.0789832
6.76225 2.48699
6.92662 1.90297
7.44076 1.6103
6.74861 1.96569
7.80725 -0.793188
7.90598 1.24282
8.46725 0.855158
7.50511 1.25085
